20
-11
38
27
27
59
10
11
38
23
38
-17
-59
-64
-93
-42
-27
-38
26
19
22
45
-9
14
18
10
88
74
61
93
44
50
35
-26
-2
-36
-36
2
-27
47
80
35
68
44
54
100
34
46
42
-15
21
4
1
30
-24
-35
-62
-116
-97
-137
-148
-131
-181
-126
-90
-93
-11
-34
-51
-16
-66
-31
-24
-50
2
-14
4
53
41
54
44
33
68
39
31
46
26
85
142
164
248
294
319
367
337
341
354
298
292
228
148
152
84
43
9
-105
-130
-214
-299
-276
-331
-289
-211
-203
-85
-13
16
101
92
142
214
189
251
240
208
261
220
226
222
144
146
108
42
47
-19
-27
7
-31
26
45
44
106
77
85
116
82
135
155
162
249
237
258
275
205
230
174
105
113
9
-16
-46
-159
-160
-232
-292
-257
-345
-361
-335
-380
-322
-328
-335
-273
-295
-267
-218
-212
-144
-128
-124
-57
-78
-46
-14
-50
-1
-21
-60
-24
-55
-28
25
-9
44
78
80
165
178
200
239
192
200
155
65
73
1
-21
-15
-108
-97
-102
-151
-144
-192
-192
-170
-217
-201
-231
-249
-186
-205
-184
-169
-209
-183
-198
-208
-172
-194
-153
-112
-166
-142
-122
-108
-21
-35
-41
13
-2
49
66
39
104
89
75
98
66
121
132
99
152
101
92
111
30
51
19
-42
-4
-55
-48
-1
-48
-7
-33
-92
-59
-105
-79
-43
-75
-7
-5
-28
17
-35
-34
-20
-81
-32
-31
-41
10
-42
-24
16
-25
-9
-35
-71
-21
-53
-63
-27
-73
-23
-2
-33
13
-23
-13
18
-36
-2
8
-14
62
49
52
106
60
101
98
43
88
48
42
80
20
44
40
-12
31
-31
-51
-16
-70
-27
-12
-23
40
22
16
23
-39
-43
-88
-133
-81
-74
-40
2
-7
57
86
77
117
80
47
39
-8
44
81
75
119
84
71
103
53
52
52
36
95
80
60
84
46
85
94
24
58
9
-7
40
-43
-7
22
-33
18
-15
-65
-45
-123
-111
-93
-135
-64
-102
-107
-59
-110
-55
-41
-97
-83
-131
-126
-69
-115
-71
-66
-100
-15
-47
-49
-5
-61
-33
-1
4
77
81
100
155
108
107
86
35
76
55
73
121
82
100
110
72
90
46
-3
6
-54
-40
-41
-82
-26
-76
-96
-56
-95
-52
-44
-72
-4
-1
-2
23
-36
-25
-29
-66
-29
-65
-62
-39
-58
-18
-3
-8
10
-10
-22
-10
-32
-5
25
8
46
68
87
122
101
113
127
91
70
7
-39
-26
-50
-11
25
4
58
34
-1
33
1
39
63
26
68
62
66
128
107
123
127
68
71
24
23
75
63
111
144
140
213
229
218
257
223
214
218
201
293
451
663
952
1255
1578
1878
2038
2038
2038
1869
1659
1344
991
737
405
140
-42
-231
-322
-411
-453
-424
-410
-302
-194
-111
51
127
239
367
393
473
503
525
596
613
650
671
629
634
576
456
390
252
141
102
20
13
4
-36
32
27
9
61
36
99
159
166
241
213
188
198
104
77
32
-89
-138
-233
-293
-309
-377
-354
-330
-330
-267
-234
-185
-116
-119
-85
-89
-168
-168
-237
-342
-404
-493
-493
-534
-608
-596
-676
-695
-639
-659
-580
-518
-527
-471
-499
-499
-439
-435
-342
-297
-270
-177
-190
-191
-152
-169
-134
-113
-162
-124
-129
-103
-39
-92
-44
-30
-48
29
25
49
103
48
60
85
64
117
66
56
111
75
131
157
133
175
155
158
189
115
94
80
41
72
13
-29
-12
-85
-106
-143
-232
-223
-278
-328
-338
-424
-400
-371
-393
-330
-338
-338
-270
-270
-178
-87
-88
-10
-9
-13
31
-14
-5
-25
-74
-44
-101
-139
-133
-238
-239
-241
-319
-281
-310
-285
-218
-232
-150
-109
-86
-38
-77
-63
-2
-15
0
-45
-90
-44
-93
-126
-164
-237
-249
-288
-343
-318
-336
-349
-267
-299
-263
-213
-261
-223
-279
-319
-302
-375
-373
-360
-387
-321
-328
-328
-272
-318
-284
-264
-283
-229
-233
-218
-194
-201
-174
-182
-191
-155
-149
-137
-91
-94
-63
-6
-16
-1
-2
-15
-9
-47
-60
-63
-118
-108
-103
-108
-48
-98
-121
-90
-131
-106
-118
-173
-136
-137
-145
-133
-159
-115
-119
-146
-118
-155
-107
-108
-188
-128
-112
-104
-63
-118
-101
-95
-110
-33
-48
-37
-9
-57
-29
-64
-117
-96
-148
-152
-117
-134
-87
-69
-79
-42
-89
-123
-103
-150
-143
-121
-164
-130
-113
-138
-86
-102
-106
-46
-82
-61
-66
-90
-33
-83
-83
-59
-116
-53
-29
-50
24
-31
-40
-4
-75
-35
-90
-144
-82
-142
-114
-74
-102
14
65
60
121
69
73
83
-6
-2
-44
-69
-28
-68
-32
5
-15
50
40
14
43
0
8
35
8
51
52
19
60
10
-1
16
-32
21
19
-10
43
-7
-22
27
-20
22
53
37
97
65
76
109
73
126
94
41
84
48
84
138
100
158
173
157
188
102
75
83
16
39
20
9
75
57
92
111
28
30
-17
-79
-29
-70
-52
10
-8
67
85
63
84
11
0
35
-24
-7
-14
-60
9
17
11
63
55
95
107
36
54
34
30
71
10
12
13
-26
57
78
82
154
107
134
170
124
175
145
118
140
84
128
130
63
126
97
106
150
30
59
30
-51
10
-77
-91
-45
-106
-49
-38
-68
21
-11
-16
26
-23
43
50
40
88
41
54
74
35
46
46
46
107
86
64
81
36
67
73
34
64
49
47
82
44
50
86
59
93
64
32
63
21
68
84
35
68
51
64
139
125
140
158
100
106
22
-33
29
5
103
168
160
260
252
285
339
292
361
360
293
355
289
266
332
223
208
171
64
89
53
39
66
27
86
118
99
169
147
166
238
173
167
138
84
126
77
74
117
65
79
72
62
108
68
58
78
31
57
46
13
64
46
19
-17
-93
-106
-130
-181
-131
-130
-162
-114
-145
-145
-141
-180
-142
-130
-128
-115
-157
-142
-113
-171
-157
-177
-204
-163
-229
-216
-174
-212
-170
-161
-197
-168
-156
-143
-133
-157
-114
-133
-146
-89
-139
-148
-129
-186
-180
-186
-209
-191
-228
-206
-166
-172
-115
-109
-90
-18
-14
22
60
52
101
100
95
138
111
132
137
108
140
123
128
149
97
93
105
100
146
130
98
104
36
5
-10
-57
-26
-37
-68
-38
-57
-34
1
-61
-61
